5923
9750
9891
5167
7876
9827
5841
9584
3391
2328
5570
8664
5784
7121
5619
2235
6836
3166
8866
7894
5031
5361
9279
6714
7154
860
9657
6918
9600
4423
6717
8901
4780
3499
9883
9623
1965
7627
6778
8189
8284
2545
678
7688
4500
6584
7402
8128
5336
6263
6432
2949
4528
3666
5634
8414
6973
2893
8609
2472
1655
3301
2480
2299
9186
3912
768
2460
4330
2392
935
7997
6318
5401
8473
1340
6262
7200
7315
9829
5205
1324
6402
2236
8576
4602
3460
138
5558
7115
8438
4569
5749
6771
3763
591
5470
9064
1098
2000
5876
1135
9187
9075
3382
8792
7654
9068
8515
5113
9756
6076
3686
3999
3696
6772
403
1383
4342
9637
2991
3895
7722
3923
4989
1017
9460
9292
6049
9650
3957
3259
5144
7448
5151
1646
3302
9239
5445
7793
4805
5910
6929
1781
7119
3020
5758
4424
4000
5535
9050
5566
5852
3501
1707
1113
5398
6670
3201
120
5945
9024
6025
943
6402
4138
4368
544
4692
5546
9635
9629
5122
220
8113
6875
2739
1800
8284
8570
8318
5665
8298
1423
2977
6124
3604
7950
6742
5246
3828
5871
3910
9696
251
6533
8349
1089
5993
6025
6009
9326
8555
608
1135
9890
5317
2648
113
1200
4909
8001
6435
6290
9933
4256
4704
6114
6867
3350
5973
246
4455
9643
4443
8055
713
3223
9079
2937
7
7799
882
8524
4740
8586
1485
2974
9727
3705
1326
8803
426
7842
9257
7494
5751
5131
5583
4645
6501
8279
7315
9234
1001
1690
9997
5571
3003
515
6636
3572
3539
5122
2844
5560
8335
1667
940
2573
2306
4022
1047
9727
5837
4573
538
1705
9041
4006
3521
10
4775
3348
4409
7776
2238
9810
1659
9786
4318
5383
674
39
9284
9173
1508
569
1496
121
1373
5104
1963
9606
3540
8996
3746
5371
3091
1516
7094
4004
5123
1870
1935
5872
3400
6596
9627
265
8143
4890
6659
135
3740
8650
1857
3406
5718
426
5660
1966
5349
3250
3088
1595
9797
7221
9590
6699
5032
5028
5454
7167
9377
9251
4868
8333
8414
2414
1958
3497
4943
733
3409
8997
1149
9004
4388
7952
3670
9267
6154
6267
532
3925
8761
2945
9805
9330
7948
5561
3457
1268
6100
3453
4786
6053
5533
4472
7444
7451
6405
1064
7170
6304
7802
6280
453
6850
5925
1977
5473
8874
2683
1540
6837
1902
473
9286
6426
7897
6068
4653
4070
2535
9304
6220
7299
2858
3275
7266
4709
4900
3455
64
6139
6842
3336
8835
5076
9117
7869
763
6706
8351
2037
6986
3937
7894
2906
1892
5092
1908
4845
5019
3758
8535
688
9408
7431
5540
5843
7053
4646
4937
9278
3667
2583
1103
2506
2200
9132
5499
8676
510
5692
2927
3519
204
928
8707
6704
5276
6778
6266
4328
2553
181
7698
7499
7683
9471
5329
4230
8285
408
9263
3731
5562
8289
9790
5969
9064
7721
4924
9405
7977
8173
3035
3952
5140
6751
8189
6990
390
716
2501
7040
9074
3272
4668
4162
7634
7581
6582
9524
4250
5104
3109
9187
9869
7384
7875
7599
589
36
8079
8138
5272
9127
8236
8315
4378
4700
569
10000
7507
8081
9548
2278
3934
7415
5297
3571
7256
1526
4583
9605
7917
8310
488
4506
2111
9790
7919
8796
5830
422
1185
733
3332
9423
9400
2318
5416
8682
5057
9135
4190
6010
2296
4057
416
2889
3839
6736
4397
5117
9551
9781
3086
5327
3192
1718
8965
9795
6570
2099
8687
743
7721
2010
469
1914
3180
4706
6000
6776
4041
2436
6880
774
8857
4173
2173
8691
3367
3929
8683
7360
5200
9103
5258
1186
1266
7073
6614
8116
6826
8676
6276
7363
4047
9694
6319
9642
4337
4842
8133
2375
272
8749
8419
5525
1813
1337
7887
5562
4682
5221
5895
4486
7079
1240
3949
8368
2482
5140
2049
5434
8475
4295
2588
67
1788
7861
9723
7024
3381
2502
3423
806
4096
2764
2743
4803
581
4521
9757
7144
4307
1333
4729
6775
2208
7093
2280
4527
28
6525
9898
1803
5167
5737
4906
3730
9799
2409
160
7778
7547
543
2516
5553
2660
4913
9576
3540
3763
9665
4743
7210
52
9229
4884
4853
3079
1769
2147
6839
9935
9911
7798
9726
1051
1538
8676
2816
1305
6157
3767
8418
6027
2603
1210
1208
9633
6289
7106
2846
2654
5017
6992
8857
9740
2925
8750
7304
7804
2759
5763
7255
3703
4323
6298
4627
1838
8945
7864
2837
6811
963
9332
4324
2509
6830
3918
2124
8440
4400
262
49
6248
2865
6258
2688
2562
8203
7190
3088
926
6713
7349
4645
6841
6267
9791
9943
9432
4011
7882
2170
2012
1972
8585
7202
9906
7201
5706
1050
2926
5006
1708
624
7638
7648
171
1775
6405
4139
6698
3553
1750
3270
5827
8926
6631
4575
12
5095
4369
2880
298
1864
1531
2825
5548
983
885
3522
4981
9417
1939
2304
4289
1174
8545
8404
9886
1615
1859
4288
9536
77
3292
9634
6312
7138
4084
5266
7752
8483
2783
5244
7463
3150
1043
8881
3577
6944
6057
9154
2742
574
5014
763
7188
4851
9489
1964
4626
2378
7971
9339
6855
786
8476
5172
6447
3176
8460
9798
3089
8369
3733
7394
9945
9603
4720
155
5421
8683
9871
9512
7514
7621
7340
1616
6465
7492
7860
4116
2764
2248
1781
791
9289
6240
3264
8179
3762
172
2400
3807
572
8012
1276
5334
8378
8822
3465
5843
6976
5300
3430
3904
4011
6573
8999
7312
5899
3340
7841
5438
5403
7965
897
4314
8126
220
452
8544
3672
7793
9445
2045
9486
874
1496
1180
9308
9991
2203
2870
2198
2011
4820
9903
7535
789
5769
9552
5104
4088
3716
3724
3499
6894
3214
2367
2804
818
7217
1781
8539
9509
5826
4898
3036
3308
7454
3189
6085
8173
8256
4958
6392
6355
2115
3804
2953
4984
6918
5236
9820
2969
160
8379
7725
5437
8123
6032
8541
1408
2188
5980
9262
7786
9068
3741
4308
4652
6680
7607
695
1750
3473
9976
7453